4202224	4202315	
4202224	4202315
18	0	
18	0
6	29	
6	29
14	22	
14	22
16	9	
16	9
18	2	
18	2
15	7	
15	7
5	9	
5	9
18	8	
18	8
0	24	
0	24
11	21	
11	21
15	5	
15	5
10	4	
10	4
8	22	
8	22
3	9	
3	9
19	1	
19	1
4	16	
4	16
8	0	
8	0
15	13	
15	13
17	19	
17	19
18	28	
18	28
8	2	
8	2
11	11	
11	11
1	7	
1	7
14	26	
14	26
8	20	
8	20
7	25	
7	25
17	29	
17	29
6	14	
6	14
12	28	
12	28
19	13	
19	13
11	1	
11	1
18	10	
18	10
12	28	
12	28
3	27	
3	27
5	11	
5	11
10	0	
10	0
0	24	
0	24
3	23	
3	23
15	25	
15	25
0	6	
0	6
0	20	
0	20
15	19	
15	19
3	27	
3	27
8	14	
8	14
8	12	
8	12
19	15	
19	15
1	29	
1	29
14	12	
14	12
16	0	
16	0
11	11	
11	11
